15.890023074683631,0.6326798385734616
15.743440117513789,0.6504070344850753
13.177350083628811,0.9812772954447253
11.986589842838766,1.1807989327066184
13.43673689433646,0.9354812038122476
7.043762868362579,2.6991016376547727
13.630393230864442,0.9102984687574976
2.798507462686567,7.889956675838219
15.585131982624645,0.6681938589605732
11.122928874940564,1.3501174886436966
14.302056367157098,0.8220221260035118
14.79155649271503,0.7579775007631092
9.660985414817906,1.7046670296034274
4.817859150768898,4.398874576010624
4.813623994261812,4.403546028361838
