15.890023074683631,0.26666666666666666
15.743440117513789,0.3333333333333333
13.177350083628811,0.4666666666666667
11.986589842838766,0.6666666666666666
13.43673689433646,0.5333333333333333
7.043762868362579,0.8
13.630393230864442,0.4
2.798507462686567,0.8
15.585131982624645,0.3333333333333333
11.122928874940564,0.6666666666666666
14.302056367157098,0.4
14.79155649271503,0.3333333333333333
9.660985414817906,0.6666666666666666
4.817859150768898,0.8666666666666667
4.813623994261812,0.8666666666666667
